assets/fonts/Rui.png
2600 220 false true
A 100 100 0 0
B 100 100 100 0
C 100 100 200 0
D 100 100 300 0
E 100 100 400 0
F 100 100 500 0
G 100 100 600 0
H 100 100 700 0
I 100 100 800 0
J 100 100 900 0
K 100 100 1000 0
L 100 100 1100 0
M 100 100 1200 0
N 100 100 1300 0
O 100 100 1400 0
P 100 100 1500 0
Q 100 100 1600 0
R 100 100 1700 0
S 100 100 1800 0
T 100 100 1900 0
U 100 100 2000 0
V 100 100 2100 0
W 100 100 2200 0
X 100 100 2300 0
Y 100 100 2400 0
Z 100 100 2500 0
a 100 120 0 100
b 100 120 100 100
c 100 120 200 100
d 100 120 300 100
e 100 120 400 100
f 100 120 500 100
g 100 120 600 100
h 100 120 700 100
i 100 120 800 100
j 100 120 900 100
k 100 120 1000 100
l 100 120 1100 100
m 100 120 1200 100
n 100 120 1300 100
o 100 120 1400 100
p 100 120 1500 100
q 100 120 1600 100
r 100 120 1700 100
s 100 120 1800 100
t 100 120 1900 100
u 100 120 2000 100
v 100 120 2100 100
w 100 120 2200 100
x 100 120 2300 100
y 100 120 2400 100
z 100 120 2500 100