assets/fontGlyphs/sans_glyphs.dds
1024 1024
! 40 117 0 0
" 46 117 40 0
# 84 117 86 0
$ 64 117 170 0
% 95 117 234 0
& 78 117 329 0
' 27 117 407 0
( 39 117 434 0
) 39 117 473 0
* 50 117 512 0
+ 84 117 562 0
, 32 117 646 0
- 36 117 678 0
. 32 117 714 0
/ 34 117 746 0
0 64 117 780 0
1 64 117 844 0
2 64 117 908 0
3 64 117 0 117
4 64 117 64 117
5 64 117 128 117
6 64 117 192 117
7 64 117 256 117
8 64 117 320 117
9 64 117 384 117
: 34 117 448 117
; 34 117 482 117
< 84 117 516 117
= 84 117 600 117
> 84 117 684 117
? 53 117 768 117
@ 100 117 821 117	
A 68 117 0 234
B 67 117 68 234
C 70 117 135 234
D 77 117 205 234
E 63 117 282 234
F 58 117 345 234
G 78 117 403 234
H 75 117 481 234
I 24 117 556 234
J 36 117 580 234
K 67 117 616 234
L 55 117 683 234
M 86 117 738 234
N 75 117 824 234
O 79 117 899 234
P 60 117 0 351
Q 79 117 60 351
R 69 117 139 351
S 63 117 208 351
T 62 117 271 351
U 72 117 333 351
V 68 117 405 351
W 99 117 473 351
X 68 117 572 351
Y 62 117 640 351
Z 68 117 702 351
[ 39 117 770 351
\ 34 117 809 351
] 39 117 843 351
^ 84 117 882 351
_ 51 117 0 468
` 49 117 51 468
a 61 117 100 468
b 63 117 161 468
c 55 117 224 468
d 63 117 279 468
e 62 117 342 468
f 38 117 404 468
g 60 117 442 468
h 63 117 502 468
i 26 117 565 468
j 30 117 591 468
k 58 117 621 468
l 28 117 679 468
m 97 117 707 468
n 63 117 804 468
o 61 117 867 468
p 63 117 928 468
q 63 117 0 585
r 41 117 63 585
s 52 117 104 585
t 39 117 156 585
u 63 117 195 585
v 59 117 258 585
w 82 117 317 585
x 59 117 399 585
y 59 117 458 585
z 52 117 517 585
{ 64 117 569 585
| 34 117 633 585
} 64 117 667 585
~ 84 117 731 585